%	100	101	100	100	301
...	100	100	100	101	301
......	101	100	100	100	301
.......	100	100	100	101	301
1	100	100	100	101	301
10	100	101	100	100	301
11	100	101	100	100	301
2	100	100	100	101	301
239	100	101	100	100	301
30	100	100	100	101	301
300	101	100	100	100	301
4000	100	101	100	100	301
666	102	100	100	100	302
B	100	101	100	100	301
JJ	100	100	100	102	302
KO	101	100	100	100	301
MMP	100	101	100	100	301
TM	101	101	100	100	302
TMD	100	101	100	100	301
XX	100	100	100	102	302
、	100	104	100	102	306
一下	100	101	100	100	301
一个	100	103	100	101	304
一代	100	100	100	102	302
一刀	100	102	100	100	302
一句	100	101	100	100	301
一场	100	100	100	101	301
一天到晚	100	102	100	100	302
一定	101	100	100	100	301
一家人	100	101	100	100	301
一家子	100	101	100	100	301
一展身手	101	100	100	100	301
一年	100	100	100	101	301
一样	100	100	100	101	301
一次次	100	100	100	101	301
一点	100	100	100	101	301
一生	100	100	100	101	301
一起	101	101	100	101	303
一路	100	100	100	103	303
一部分	100	100	100	102	302
一项	102	100	100	100	302
万	101	100	100	100	301
万恶	100	101	100	100	301
上	101	101	100	101	303
上海	101	103	100	100	304
下	100	101	100	100	301
下来	100	101	100	100	301
不	102	115	100	105	322
不了	100	101	100	100	301
不会	101	100	100	100	301
不出	100	101	100	100	301
不喜欢	100	101	100	100	301
不够	100	100	100	101	301
不好意思	100	100	100	101	301
不如	100	100	100	101	301
不当	100	102	100	100	302
不得	100	100	100	101	301
不得好死	100	101	100	100	301
不必	100	101	100	100	301
不想	100	100	100	101	301
不折不扣	100	101	100	100	301
不敢	100	100	100	101	301
不是	100	102	100	102	304
不是故意	100	101	100	100	301
不服	101	100	100	100	301
不杀	100	102	100	100	302
不用	100	100	100	101	301
不知	100	101	100	100	301
不能	100	103	100	100	303
不要	100	102	100	101	303
不要脸	100	101	100	100	301
不语	101	100	100	100	301
不起	100	102	100	100	302
不足以	100	101	100	100	301
不配	100	101	100	100	301
不闲贵	100	101	100	100	301
与	102	100	100	100	302
世界	100	101	100	100	301
世道	100	100	100	101	301
东笑	101	100	100	100	301
东西	100	103	100	100	303
丢	100	101	100	100	301
丢人	100	101	100	100	301
两岁	100	101	100	100	301
严惩	100	101	100	101	302
严重	100	100	101	100	301
丧尽天良	100	101	100	100	301
丧心病狂	100	101	100	100	301
个	100	104	100	102	306
中国	108	103	101	102	314
中国银行	100	101	100	100	301
临死前	100	100	100	101	301
为	102	100	100	101	303
为什么	100	102	101	100	303
为民服务	101	100	100	100	301
为民除害	101	100	100	100	301
主子	100	101	100	100	301
丽江	101	100	100	100	301
举措	102	100	100	100	302
么	100	102	100	101	303
之一	100	101	100	100	301
之策	101	100	100	100	301
也	102	106	100	108	316
也许	100	100	100	101	301
书包	100	100	100	101	301
乱	100	101	100	100	301
乱窜	100	100	100	101	301
了	104	116	100	113	333
事	100	102	100	103	305
事儿	100	101	100	100	301
事情	101	101	100	101	303
二楼	100	102	100	101	303
二般	100	101	100	100	301
云南	100	100	102	100	302
云贵川	100	101	100	100	301
五马分尸	100	101	100	100	301
交给	100	101	100	100	301
亲戚	100	101	100	100	301
亲生	100	101	100	100	301
人	101	106	100	105	312
人不判	100	101	100	100	301
人与狗	100	100	100	101	301
人人	100	101	100	100	301
人们	100	100	100	101	301
人伦	100	101	100	100	301
人家	100	101	100	100	301
人心	100	105	100	100	305
人才	106	100	100	101	307
人民	101	102	100	101	304
人渣	100	108	100	100	308
人管	100	100	100	101	301
人请	100	101	100	100	301
什么	100	107	100	105	312
从小	101	100	100	100	301
仔	100	101	100	100	301
他	102	104	100	102	308
他们	100	101	100	100	301
他妈生	100	100	100	101	301
他妈的	100	102	100	101	303
令人	100	100	100	101	301
以为	101	100	100	101	302
以卵击石	100	100	100	101	301
以后	101	100	100	100	301
以牙还牙	101	100	100	100	301
们	100	100	100	102	302
任	100	100	100	101	301
任何	100	101	100	100	301
份子	100	100	100	101	301
优秀人才	101	100	100	100	301
会	101	100	100	102	303
伤害	100	101	100	100	301
伸出	100	101	100	100	301
但	100	101	100	100	301
但是	100	101	100	102	303
低	100	100	100	101	301
低下	100	100	100	101	301
体会	100	101	100	100	301
体质	100	100	100	101	301
作何	100	101	100	100	301
作孽	100	100	100	101	301
作死	100	100	100	101	301
你	101	127	100	110	338
你们	101	103	100	103	307
侵华	100	101	100	100	301
便于	101	100	100	100	301
便宜	100	101	100	100	301
保护	100	101	100	101	302
修正案	100	101	100	100	301
俺	101	100	100	101	302
倒	100	100	100	101	301
借	100	105	100	100	305
借钱	100	101	100	100	301
值得	100	100	100	101	301
做	101	102	100	103	306
做得好	101	100	100	100	301
做法	100	100	100	101	301
做过	100	101	100	100	301
做饭	100	100	100	101	301
偶像	101	100	100	100	301
傻	100	107	100	102	309
傻子	100	100	100	101	301
傻狗	100	101	100	100	301
儿口	100	101	100	100	301
儿子	100	100	100	101	301
儿童	100	101	100	100	301
允许	100	100	100	101	301
先富起来	100	100	100	101	301
先河	100	100	100	101	301
免死牌	100	100	100	101	301
入	100	101	100	100	301
入内	100	100	100	101	301
全	100	101	100	100	301
全世界	100	101	100	100	301
八国联军	100	101	100	100	301
公安机关	100	100	100	101	301
六十大寿	101	100	100	100	301
共赢	101	100	100	100	301
关系户	100	101	100	100	301
关键	100	101	100	100	301
其	100	100	101	100	301
其他	100	100	100	101	301
其实	100	100	100	101	301
养大	100	100	100	101	301
再	100	100	100	101	301
决策	101	100	100	100	301
凌迟	100	103	100	100	303
几下	100	100	100	101	301
几个	100	100	100	101	301
几十年	100	100	100	101	301
几年	101	100	100	100	301
出	100	100	100	101	301
出去	100	101	100	101	302
出台	102	100	100	100	302
出来	100	100	100	102	302
出轨	100	100	100	101	301
击毙	100	101	100	100	301
刀	100	101	100	100	301
刀割	100	101	100	100	301
分居	100	101	100	100	301
刍狗	100	100	100	101	301
刑法	100	101	100	100	301
划伤	100	100	100	102	302
刘强	101	100	100	100	301
创新	101	100	100	100	301
利国	101	100	100	100	301
别	100	103	100	100	303
到	100	101	100	101	302
到家	100	101	100	100	301
制度	101	100	100	100	301
制造	100	101	100	100	301
前来	101	100	100	100	301
剧情	101	100	100	100	301
力	101	100	100	100	301
力量悬殊	100	100	100	101	301
办事	100	100	100	102	302
办事效率	100	100	100	101	301
办法	100	100	100	101	301
区别	100	101	100	100	301
千刀万剐	100	105	100	100	305
半天	100	100	100	101	301
华	101	100	100	101	302
华为	100	100	100	101	301
华人	100	100	100	101	301
卑鄙	100	101	100	100	301
卓伟	100	101	100	100	301
单纯	100	101	100	100	301
卖	100	101	100	100	301
南京	101	100	100	104	305
卧槽	100	101	100	100	301
卵	100	100	100	101	301
厉害	103	100	100	100	303
原因	100	101	100	100	301
原来	101	100	100	100	301
原谅	100	104	100	100	304
去	101	102	100	101	304
去死吧	100	102	100	100	302
又	100	102	100	101	303
双赢	102	100	100	100	302
反而	100	101	100	100	301
反转	101	100	100	100	301
发展	101	100	100	100	301
发生	100	100	100	101	301
受不了	100	100	100	101	301
受到	100	101	100	100	301
受害人	100	101	100	100	301
变	102	100	100	100	302
变得	101	101	100	100	302
变态	100	104	100	100	304
古人	100	102	100	100	302
古代人	100	100	100	101	301
另	100	100	100	101	301
只是	100	100	100	101	301
只有	102	101	100	100	303
只能	100	100	100	101	301
叫	100	100	100	101	301
可	100	102	100	100	302
可以	103	102	100	102	307
可怕	100	100	101	101	302
可怜	100	100	100	101	301
可惜	100	100	100	101	301
吃	100	100	100	101	301
吃不饱	100	100	100	101	301
吃饭	100	100	100	101	301
各种	100	100	100	101	301
合作	102	100	100	100	302
同情	100	100	100	101	301
同时	100	101	100	100	301
后	100	101	100	101	302
后代	100	100	100	101	301
后来	100	100	100	101	301
后果	100	100	100	101	301
向	100	101	100	107	308
吗	100	108	100	104	312
否则	100	101	100	100	301
吧	100	103	100	100	303
听	101	100	100	100	301
吸引	102	100	100	100	302
吸收	101	100	100	100	301
吸纳	101	100	100	100	301
呀	100	101	100	100	301
告诉	100	101	100	101	302
呵呵	100	100	100	106	306
命	100	100	100	101	301
和	102	100	100	102	304
和谐	100	100	100	101	301
咒	100	101	100	100	301
咱	101	100	100	100	301
咱们	101	100	100	100	301
哈哈	111	100	100	100	311
哈哈哈	115	100	100	100	315
哈哈哈哈	115	100	100	100	315
哎	100	100	100	103	303
哪怕	100	100	100	101	301
哪来	100	100	100	101	301
哭	100	100	100	101	301
唉	100	100	100	102	302
啊	100	105	100	101	306
啦	101	100	100	100	301
喂狗	100	101	100	100	301
喜欢	101	100	100	102	303
喝水	100	100	100	101	301
喷	100	105	100	100	305
喷子	100	101	100	100	301
喷点	100	102	100	100	302
喷狗	100	101	100	100	301
嘴边	100	101	100	100	301
噢	101	100	100	100	301
嚣张	100	101	100	101	302
围攻	100	100	100	101	301
国人	100	100	100	102	302
国企	100	101	100	100	301
国力	101	100	100	100	301
国外	102	100	100	102	304
国家	104	102	100	101	307
土壤	100	100	100	101	301
在	101	102	100	103	306
地位	100	100	100	101	301
地域	100	101	100	100	301
地方	100	100	100	101	301
坏人	100	101	100	100	301
坏掉	100	100	100	101	301
坑	101	100	100	100	301
垃圾	100	102	100	100	302
处于	100	101	100	100	301
处以	100	101	100	100	301
处死	100	102	100	100	302
外国人	102	100	100	101	303
外来人口	101	100	100	100	301
外甥女	100	101	100	100	301
多	103	102	101	102	308
多么	100	102	100	100	302
多少	100	101	100	100	301
多岁	100	100	100	101	301
多用	100	101	100	100	301
大	100	101	100	102	303
大人	101	100	100	100	301
大众	100	101	100	100	301
大力支持	101	100	100	100	301
大家	101	101	100	100	302
大爷	100	100	100	101	301
大米	100	100	100	101	301
大脑	100	100	100	101	301
大陆	100	101	100	100	301
天下无敌	100	101	100	100	301
天王老子	101	100	100	100	301
天理	100	101	100	100	301
天理不容	100	101	100	100	301
太	101	101	101	103	306
太好了	101	100	100	100	301
太快	101	100	100	100	301
太逗	101	100	100	100	301
太重	100	100	100	101	301
奇闻	100	101	100	100	301
奔跑	101	100	100	100	301
女人	100	106	100	100	306
女儿	100	101	100	100	301
女婿	102	100	100	100	302
奶茶	101	100	100	100	301
她	100	104	100	100	304
她们	100	100	100	101	301
好	109	102	101	107	319
好事	101	100	100	100	301
好事儿	101	100	100	100	301
好像	100	101	100	100	301
好多	100	100	100	101	301
好好	101	100	100	100	301
好样	101	100	100	100	301
如果	100	101	100	101	302
妈	100	105	100	100	305
妈个	100	101	100	100	301
妈妈	100	101	100	100	301
妹妹	101	100	100	100	301
姿势	100	100	100	101	301
娘	100	101	100	100	301
婆娘	100	101	100	100	301
婊子	100	100	100	101	301
媒体	100	101	100	100	301
存款	100	101	100	100	301
孩子	100	103	100	108	311
宁作	100	101	100	100	301
它	100	101	100	100	301
守卫	100	100	100	101	301
安息	100	100	100	101	301
完美	101	100	100	100	301
官员	100	100	100	101	301
定居	101	100	100	100	301
宝宝	100	100	100	101	301
实力	101	100	100	100	301
实在	101	100	100	100	301
实现	102	100	100	100	302
审了	100	101	100	100	301
审判	100	101	100	100	301
家乡	100	100	100	101	301
家长	100	100	100	101	301
富	101	100	100	100	301
对	101	103	100	103	307
将会	101	100	100	100	301
小孩	100	101	100	100	301
小孩儿	100	102	100	100	302
小时	100	100	100	101	301
小花	100	101	100	100	301
少有	100	100	100	101	301
就	100	108	100	107	315
就亡	100	100	100	101	301
就是	102	102	100	108	312
就算	100	100	100	101	301
尴尬	101	100	100	100	301
尼玛	100	103	100	100	303
尽快	100	101	100	100	301
尾后	100	101	100	100	301
尿床	100	102	100	100	302
居留权	101	100	100	100	301
屌丝	100	100	100	101	301
屎	100	101	100	100	301
山东人	101	100	100	100	301
岁	100	100	100	101	301
岳父	103	100	100	100	303
崇拜	101	100	100	100	301
工作	101	100	100	100	301
差	101	100	100	100	301
已经	100	100	100	101	301
希望	102	100	100	100	302
带	100	101	100	101	302
干得	101	100	100	100	301
平民愤	100	103	100	100	303
年轻	101	100	100	101	302
年龄	102	100	100	100	302
并	100	100	100	101	301
并且	100	101	100	100	301
并非	100	100	100	101	301
幼师	100	100	100	101	301
应	100	101	100	100	301
应该	100	105	100	100	305
底气	100	100	100	101	301
底线	100	100	100	101	301
废物	100	101	100	100	301
建议	100	101	100	100	301
建设	101	100	100	100	301
开	100	100	100	101	301
开天辟地	100	100	100	101	301
开水	100	101	100	100	301
弄乱	100	101	100	100	301
弄死	100	104	100	100	304
张杰	100	100	100	101	301
弱	100	100	100	101	301
强	101	100	100	100	301
强拆	100	101	100	100	301
当	100	100	100	103	303
当初	100	100	100	101	301
当着	100	101	100	100	301
当讲	100	101	100	100	301
彰显	101	100	100	100	301
往	100	100	100	101	301
很	102	102	100	101	305
很多	100	100	101	100	301
得	101	102	100	101	304
微笑	101	100	100	100	301
心情	101	100	100	100	301
心狠	100	101	100	100	301
心理	100	101	100	100	301
心疼	100	100	100	101	301
心痛	100	100	100	101	301
必将	101	100	100	100	301
必须	100	108	100	100	308
快	101	100	100	100	301
怎么	100	102	100	103	305
怕怕	100	100	101	100	301
思想	100	101	100	100	301
怪	100	101	100	100	301
恩爱	100	101	100	100	301
恭喜	101	100	100	100	301
息	100	101	100	100	301
恶心	100	103	100	100	303
恶毒	100	102	100	100	302
惊	101	100	100	100	301
惊喜	102	100	100	100	302
惠民	101	100	100	100	301
惨	100	100	100	101	301
惯	100	100	100	101	301
想	100	101	100	100	301
想富	100	100	100	101	301
想想	100	102	100	100	302
意	101	100	100	100	301
意义	100	100	100	101	301
意外	102	100	100	100	302
意思	100	101	100	100	301
感觉	100	100	100	101	301
愿	100	100	100	101	301
懂法	100	101	100	100	301
懒	100	101	100	100	301
戈壁	100	101	100	100	301
戏子	100	100	100	101	301
成	100	101	100	100	301
我	105	108	100	105	318
我们	103	100	100	101	304
我命	100	101	100	100	301
我国	101	100	100	100	301
或者	100	103	100	100	303
战争	100	100	100	101	301
战士	100	100	100	101	301
战略	101	100	100	100	301
戾	100	100	100	101	301
房子	100	100	100	101	301
所谓	100	100	100	101	301
手	100	101	100	100	301
才	101	100	100	102	303
才能	101	100	100	100	301
打	100	100	100	102	302
打人	100	101	100	100	301
打工	100	101	100	100	301
打死	100	103	100	100	303
打着	101	100	100	100	301
扔	100	102	100	101	303
扶	100	100	100	101	301
找	100	101	100	102	303
把	100	107	100	105	312
抓	100	100	100	101	301
折磨	100	100	100	101	301
报	100	101	100	100	301
报应	100	100	100	101	301
拒绝	100	101	100	100	301
拼命	100	100	100	101	301
拿	100	100	100	102	302
挂	100	101	100	100	301
指责	100	101	100	100	301
挖	100	101	100	100	301
挡箭牌	100	100	100	101	301
捞钱	100	101	100	100	301
掉	100	102	100	100	302
搞	100	102	100	100	302
搭	100	100	100	101	301
撒盐	100	101	100	100	301
操	100	101	100	100	301
支持	103	100	100	100	303
收拾	100	100	100	101	301
改革	101	100	100	100	301
改革开放	101	100	100	100	301
攻击	100	101	100	100	301
放	100	101	100	100	301
放任	100	100	101	100	301
放纵	100	100	100	101	301
政客	100	100	100	101	301
政策	104	100	100	100	304
故意伤害	100	101	100	100	301
故意杀人罪	100	101	100	100	301
救治	100	101	100	100	301
敢	101	102	100	100	303
敬礼	100	100	100	101	301
数学老师	100	100	100	101	301
整个	101	100	100	100	301
新	100	100	100	102	302
新手机	100	100	100	101	301
新闻	100	101	100	102	303
方便	101	100	100	100	301
旅游	100	100	101	100	301
无义	100	100	100	101	301
无声	100	100	100	101	301
无情	100	100	100	101	301
无期徒刑	100	102	100	100	302
无穷的	101	100	100	100	301
无论	100	101	100	100	301
无论谁	100	101	100	100	301
无需	100	101	100	100	301
既然	100	101	100	100	301
早	100	101	100	101	302
时代	101	100	100	100	301
时候	100	103	100	102	305
明确	100	101	100	100	301
是	106	112	100	108	326
是不是	100	101	100	100	301
普通	100	102	100	100	302
智力	100	100	100	101	301
智商	100	100	100	101	301
暴力	100	101	100	100	301
暴恐	100	100	100	101	301
暴露	102	100	100	100	302
更	102	100	100	100	302
更加	101	100	100	100	301
更好	102	100	100	100	302
最	100	106	100	100	306
最后	101	100	100	100	301
最黑	100	101	100	100	301
有	100	107	102	107	316
有何	100	101	100	100	301
有利于	101	100	100	100	301
有时候	100	100	100	101	301
有理	100	101	100	100	301
有钱	101	100	100	102	303
朋友	100	101	100	100	301
期间	100	101	100	100	301
机智	101	100	100	100	301
机票	100	101	100	100	301
杀	100	109	100	100	309
杀人	100	102	100	100	302
杀害	100	101	100	100	301
杀无赦	100	101	100	100	301
条	100	101	100	100	301
来	102	101	100	100	303
来华	101	100	100	100	301
极刑	100	101	100	100	301
林	100	101	100	100	301
枪毙	100	106	100	100	306
某己	100	101	100	100	301
株连九族	100	102	100	100	302
桶	100	100	100	101	301
棍	100	101	100	100	301
棒棒	101	100	100	100	301
楼	101	101	100	101	303
欠钱	100	101	100	100	301
欢乐	101	100	100	100	301
欢迎	102	100	100	100	302
欺骗	100	102	100	100	302
歌	101	100	100	100	301
正	100	100	100	101	301
正常	100	101	100	101	302
正确	100	100	100	101	301
此人	100	101	100	100	301
歧视	100	101	100	100	301
歹毒	100	101	100	100	301
死	102	106	100	101	309
死刑	100	117	100	100	317
残忍	100	102	100	100	302
段子	101	100	100	100	301
每年	100	101	100	100	301
每当	100	100	100	101	301
毒	100	101	101	101	303
毒奶粉	100	100	100	101	301
毒妇	100	107	100	100	307
毒手	100	101	100	100	301
毒枭	100	100	101	100	301
比	100	101	100	100	301
毛线	100	101	100	100	301
气	100	100	100	101	301
水	100	100	100	101	301
水污染	100	100	100	101	301
永久	101	100	100	100	301
没	100	101	100	103	304
没个	100	100	100	101	301
没喷点	100	101	100	100	301
没收	100	101	100	100	301
没有	100	101	100	104	305
没道理	100	101	100	100	301
河南	100	100	100	102	302
油锅	100	101	100	100	301
沾	100	101	100	100	301
法国	100	103	100	100	303
法律	100	102	100	100	302
法治	101	100	100	100	301
洋	101	100	100	100	301
洞	100	100	100	101	301
流配	100	101	100	100	301
海外	102	100	100	100	302
涉嫌	100	101	100	100	301
混	100	100	100	101	301
混蛋	100	101	100	100	301
清华	101	100	100	100	301
滚	100	102	100	100	302
滚出	100	101	100	100	301
滚出去	100	101	100	100	301
滚回	100	101	100	100	301
滚远点	100	101	100	100	301
滴	101	100	100	100	301
漂亮	101	100	100	100	301
灭种	100	100	100	101	301
炒	100	101	100	100	301
炸	100	101	100	100	301
点个	101	100	100	100	301
点赞	101	100	100	100	301
烂账	100	102	100	100	302
烈士	100	100	100	101	301
烫	100	101	100	100	301
烫伤	100	101	100	100	301
热水	100	101	100	100	301
然	100	100	100	101	301
然后	100	102	100	100	302
爆	100	100	100	101	301
爱	101	100	100	101	302
爱国	100	101	100	100	301
父母	100	101	100	101	302
父母心	100	101	100	100	301
牛	100	101	100	100	301
犹豫	100	101	100	100	301
狗	100	104	100	101	305
狗东西	100	102	100	100	302
狗屁	100	101	100	100	301
狗操	100	101	100	100	301
狗日	100	101	100	100	301
狠	100	101	100	100	301
狠心	100	101	100	100	301
猪狗不如	100	102	100	100	302
猪脑子	100	101	100	100	301
王八蛋	100	101	100	100	301
玛德	100	101	100	100	301
玩	102	100	100	100	302
玩意儿	100	101	100	100	301
现在	100	100	100	101	301
理	100	101	100	100	301
甚比	100	100	100	101	301
生活	102	100	100	100	302
生生世世	100	101	100	100	301
用	100	101	100	101	302
由	100	101	100	100	301
男	100	100	100	101	301
男人	100	101	100	101	302
男孩	100	101	100	100	301
留住	101	100	100	100	301
留家	100	101	100	100	301
畜牲	100	101	100	100	301
畜生	100	110	100	100	310
疫苗	100	100	100	101	301
疼痛	100	100	100	101	301
疾病	100	100	100	101	301
病态	100	101	100	100	301
痛苦	100	101	100	100	301
白痴	100	101	100	100	301
百姓	100	100	100	102	302
的	100	124	100	109	333
皆	100	101	100	100	301
监狱	100	102	100	100	302
直接	100	105	100	100	305
看	100	101	100	101	302
看到	100	101	100	101	302
看同	100	101	100	100	301
看见	100	101	100	100	301
真	101	104	100	102	307
真是	101	101	100	100	302
真特	100	101	100	100	301
真的	101	100	100	101	302
眼割	100	101	100	100	301
着	103	101	100	104	308
瞎操心	100	100	100	101	301
瞧不起	100	101	100	100	301
码	100	101	100	100	301
社会	100	100	100	101	301
祖国统一	100	100	100	101	301
祝福	101	100	100	100	301
神	101	100	100	100	301
神经病	100	101	100	100	301
祸国殃民	100	100	100	101	301
离	100	100	100	101	301
离婚证	100	100	100	101	301
禽兽	100	102	100	100	302
禽兽不如	100	104	100	100	304
秀	100	101	100	100	301
稀释	100	101	100	100	301
空气	100	100	100	102	302
竟然	100	102	100	100	302
笑	102	100	100	100	302
笑话	100	100	100	101	301
第一	100	101	100	100	301
简直	100	101	100	100	301
算	100	103	100	100	303
管都	100	100	100	101	301
粉丝	100	100	100	101	301
精神	101	100	100	100	301
精神病	103	102	102	102	309
精神病院	100	100	100	101	301
繁荣	101	100	100	100	301
纯净	100	100	100	101	301
终于	101	100	100	100	301
绑架	100	101	100	100	301
结婚	101	100	100	100	301
结扎	100	101	100	100	301
给	102	102	100	100	304
给洋	100	100	100	101	301
绝对	100	101	100	100	301
继续	100	101	100	100	301
继续下去	100	100	100	101	301
维护	100	100	100	101	301
缅怀	100	100	100	101	301
缠身	100	100	100	101	301
网友	100	100	100	101	301
网易	100	100	100	101	301
网络	100	101	100	100	301
罪大恶极	100	101	100	100	301
美丽	100	100	100	101	301
美国	100	100	100	101	301
美日	100	100	100	101	301
翅膀	101	100	100	100	301
老	101	101	100	100	302
老三	101	100	100	100	301
老人	100	100	100	101	301
老外	102	100	100	100	302
老子	101	101	100	100	302
老师	100	100	100	102	302
老百姓	100	103	100	101	304
而	101	100	100	100	301
而且	100	102	100	100	302
肮脏	100	100	100	101	301
胆	100	101	100	100	301
胎盘	100	100	100	101	301
能	102	103	100	101	306
能力	100	100	100	101	301
能量	100	100	100	101	301
脏	100	100	100	101	301
脸	100	101	100	100	301
脸皮	100	100	100	101	301
自	100	101	100	100	301
自从	101	100	100	100	301
自己	100	103	100	107	310
自由	100	100	101	100	301
自由自在	101	100	100	100	301
致敬	100	100	100	112	312
舅妈	100	102	100	100	302
舌	100	101	100	100	301
舔	100	101	100	100	301
英雄	100	100	100	106	306
草	100	101	100	100	301
莫	100	100	100	101	301
获得	101	100	100	100	301
蔬菜水果	100	100	100	101	301
虚弱	100	100	100	101	301
虽然	100	101	100	100	301
蛇	100	101	100	100	301
蛇蝎心肠	100	101	100	100	301
血缘关系	100	101	100	100	301
表现	100	101	100	100	301
被	100	101	100	101	302
要	101	102	100	101	304
要是	100	101	100	100	301
要来	100	101	100	100	301
规定	100	102	100	100	302
视频	100	100	100	101	301
觉得	100	100	100	101	301
解恨	100	101	100	100	301
警察	101	100	100	102	303
警方	101	100	100	100	301
让	100	101	100	100	301
训斥	100	100	100	101	301
讲	100	102	100	100	302
证明	100	100	100	101	301
证都	100	100	100	101	301
试试	100	101	100	100	301
诚不欺	100	101	100	100	301
话	100	101	100	100	301
该	101	101	100	100	302
该死	100	102	100	100	302
说	103	100	100	100	303
说明	101	100	100	101	302
说话	101	100	100	100	301
请问	100	100	100	101	301
谁	101	101	100	101	303
谁他妈	100	101	100	100	301
谅解	100	101	100	100	301
谋杀	100	101	100	100	301
豆浆	100	100	100	101	301
负	100	100	100	101	301
负责	100	100	100	101	301
责任心	100	100	100	101	301
败坏	100	101	100	100	301
质量	100	100	100	101	301
贪官	100	100	101	100	301
贷	100	101	100	100	301
贷给	100	101	100	100	301
赖账	100	101	100	100	301
赞	102	100	100	100	302
赞赞赞	101	100	100	100	301
走	100	100	100	106	306
走下坡路	100	100	100	101	301
赶紧	100	101	100	100	301
起来	100	100	100	101	301
越来越	103	100	100	101	304
跑	101	100	100	101	302
跟	100	101	100	100	301
跪	100	100	100	102	302
蹭	100	100	100	101	301
轻则	100	100	100	101	301
轻微	100	100	100	101	301
辣鸡	100	101	100	100	301
边疆	100	101	100	100	301
过	102	101	100	100	303
过头	100	101	100	100	301
还	102	108	101	101	312
还是	100	105	100	100	305
还有	100	101	101	101	303
还给	100	101	100	100	301
还要	100	102	100	101	303
这	103	113	100	106	322
这个	102	105	100	100	307
这么	100	104	102	100	306
这些	100	100	100	101	301
这大	100	101	100	100	301
这小编	101	100	100	100	301
这年头	100	100	100	101	301
这是	102	102	100	101	305
这样	100	103	100	105	308
这狗	100	101	100	100	301
这种	101	107	100	104	312
这话	101	100	100	100	301
这项	101	100	100	100	301
进	100	101	100	102	303
进一步	101	100	100	100	301
进步	101	100	100	100	301
进程	101	100	100	100	301
连	100	102	100	102	304
连饭	100	100	100	101	301
逝者	100	100	100	101	301
逼	100	108	100	102	310
道	100	101	100	100	301
道德	100	100	100	101	301
道歉	100	101	100	100	301
那	100	100	100	103	303
那么	100	103	100	101	304
郭	101	100	100	100	301
都	102	108	100	113	323
鄙视	100	101	100	100	301
里	100	101	100	101	302
重伤	100	101	100	100	301
重大	101	100	100	100	301
重男轻女	100	102	100	100	302
重责	100	100	100	101	301
针	100	101	100	100	301
钱	100	102	100	101	303
银行	100	103	100	100	303
银行贷款	100	101	100	100	301
错	100	102	100	100	302
长久	102	100	100	100	302
长大	101	100	100	100	301
随便	101	100	100	100	301
随风	101	100	100	100	301
隐瞒	100	101	100	100	301
难受	100	100	100	101	301
难过	100	100	100	101	301
难道	100	100	100	101	301
需要	100	100	100	101	301
震	101	100	100	100	301
青竹	100	101	100	100	301
非要	100	101	100	100	301
靠	101	101	100	100	302
面	100	101	100	100	301
领	100	100	100	101	301
颜值	101	100	100	100	301
饭馆	100	100	100	101	301
马上	100	101	100	100	301
马勒	100	101	100	100	301
骂	100	102	100	100	302
骂人	100	101	100	100	301
骨架	100	101	100	100	301
高	100	100	100	101	301
高科技	101	100	100	100	301
高级	102	100	100	100	302
魅力	101	100	100	100	301
魔力	100	100	100	101	301
麻蛋	101	100	100	100	301
麻辣烫	100	101	100	100	301
黄蜂	100	101	100	100	301
黑	102	100	100	100	302
～	100	100	100	101	301
